#1300 1101 1103 1104 1106 0 0 0 0 0 0 0 0 0 0
#1025 1101 1106 1108 0 0 0 0 0 0 0 0 0 0 0
#1114 1010 1108 2003 0 0 0 0 0 0 0 0 0 0 0
#1115 1103 2008 2074 0 0 0 0 0 0 0 0 0 0 0
#1025 1103 76850 0 0 0 0 0 0 0 0 0 0 0 0
#1150 1101 1106 1108 76850 0 0 0 0 0 0 0 0 0 0
#1034 2074 76815 76854 0 0 0 0 0 0 0 0 0 0 0
#1035 1101 1106 76807 76832 0 0 0 0 0 0 0 0 0 0
#1042 1101 76819 0 0 0 0 0 0 0 0 0 0 0 0
#1041 1010 1108 0 0 0 0 0 0 0 0 0 0 0 0
#1039 1010 1110 0 0 0 0 0 0 0 0 0 0 0 0
#1038 1103 1104 1106 0 0 0 0 0 0 0 0 0 0 0
#76999 14066 76821 76846 76848 0 0 0 0 0 0 0 0 0 0
#1040 1101 1103 76819 0 0 0 0 0 0 0 0 0 0 0
#1151 1010 1105 1110 76850 0 0 0 0 0 0 0 0 0 0
#1026 76821 76838 76840 76848 76850 76854 0 0 0 0 0 0 0 0
#10161 1109 1111 0 0 0 0 0 0 0 0 0 0 0 0
#76076 1109 1111 1111 76814 76821 0 0 0 0 0 0 0 0 0
#59003 1109 1111 1112 76821 0 0 0 0 0 0 0 0 0 0
#1036 1101 76819 76832 0 0 0 0 0 0 0 0 0 0 0
#10191 1106 1111 1112 76814 76821 76850 0 0 0 0 0 0 0 0
#10338 1111 1112 1112 76850 0 0 0 0 0 0 0 0 0 0
#1037 1103 1106 76821 76838 76848 76850 0 0 0 0 0 0 0 0
#1152 1010 1010 1105 1110 76850 0 0 0 0 0 0 0 0 0
#12351 12349 12373 0 0 0 0 0 0 1 0 0 0 0 0
#12351 12349 12378 0 0 0 0 0 0 1 0 0 0 0 0
#12351 12349 12379 0 0 0 0 0 0 1 0 0 0 0 0
#12351 12349 12374 0 0 0 0 0 0 1 0 0 0 0 0
#12351 12349 12375 0 0 0 0 0 0 1 0 0 0 0 0
#12351 12349 12376 0 0 0 0 0 0 1 0 0 0 0 0
#12351 12349 12377 0 0 0 0 0 0 1 0 0 0 0 0
#12347 1101 1104 12351 0 0 0 0 0 0 0 0 0 0 0
#1113 1101 1105 1108 0 0 0 0 0 0 0 0 0 0 0
#1011 1108 76807 76821 76823 0 0 0 0 0 0 0 0 0 0
#10374 1104 1104 59002 76807 0 0 0 0 0 0 0 0 0 0
#2184 76840 76840 76840 76840 0 0 0 0 0 0 0 0 0 0
#12180 2008 2290 2906 0 0 0 0 0 0 0 0 0 0 0
#0
